line
116 462 0 100 465 0
line
116 462 10 100 465 10
line
125 455 0 116 462 0
line
125 455 10 116 462 10
line
132 448 0 125 455 0
line
132 448 10 125 455 10
line
142 438 0 132 448 0
line
142 438 10 132 448 10
line
150 431 0 142 438 0
line
150 431 10 142 438 10
line
158 423 0 150 431 0
line
158 423 10 150 431 10
line
167 410 0 158 423 0
line
167 410 10 158 423 10
line
174 400 0 167 410 0
line
174 400 10 167 410 10
line
179 395 0 174 400 0
line
179 395 10 174 400 10
line
185 385 0 179 395 0
line
185 385 10 179 395 10
line
187 381 0 185 385 0
line
187 381 10 185 385 10
line
187 378 0 187 381 0
line
187 378 10 187 381 10
line
176 376 0 187 378 0
line
176 376 10 187 378 10
line
172 373 0 176 376 0
line
172 373 10 176 376 10
line
168 369 0 172 373 0
line
168 369 10 172 373 10
line
162 365 0 168 369 0
line
162 365 10 168 369 10
line
158 364 0 162 365 0
line
158 364 10 162 365 10
line
155 371 0 158 364 0
line
155 371 10 158 364 10
line
152 382 0 155 371 0
line
152 382 10 155 371 10
line
145 393 0 152 382 0
line
145 393 10 152 382 10
line
137 404 0 145 393 0
line
137 404 10 145 393 10
line
129 419 0 137 404 0
line
129 419 10 137 404 10
line
123 429 0 129 419 0
line
123 429 10 129 419 10
line
117 439 0 123 429 0
line
117 439 10 123 429 10
line
110 448 0 117 439 0
line
110 448 10 117 439 10
line
107 452 0 110 448 0
line
107 452 10 110 448 10
line
106 437 0 107 452 0
line
106 437 10 107 452 10
line
106 428 0 106 437 0
line
106 428 10 106 437 10
line
105 416 0 106 428 0
line
105 416 10 106 428 10
line
106 405 0 105 416 0
line
106 405 10 105 416 10
line
107 400 0 106 405 0
line
107 400 10 106 405 10
line
108 394 0 107 400 0
line
108 394 10 107 400 10
line
108 393 0 108 394 0
line
108 393 10 108 394 10
line
107 389 0 108 393 0
line
107 389 10 108 393 10
line
102 401 0 107 389 0
line
102 401 10 107 389 10
line
102 406 0 102 401 0
line
102 406 10 102 401 10
line
99 422 0 102 406 0
line
99 422 10 102 406 10
line
96 432 0 99 422 0
line
96 432 10 99 422 10
line
93 442 0 96 432 0
line
93 442 10 96 432 10
line
95 446 0 93 442 0
line
95 446 10 93 442 10
line
98 452 0 95 446 0
line
98 452 10 95 446 10
line
98 457 0 98 452 0
line
98 457 10 98 452 10
line
97 463 0 98 457 0
line
97 463 10 98 457 10
line
133 394 0 140 393 0
line
133 394 10 140 393 10
line
128 388 0 133 394 0
line
128 388 10 133 394 10
line
127 378 0 128 388 0
line
127 378 10 128 388 10
line
128 374 0 127 378 0
line
128 374 10 127 378 10
line
119 384 0 128 374 0
line
119 384 10 128 374 10
line
111 387 0 119 384 0
line
111 387 10 119 384 10
line
105 386 0 111 387 0
line
105 386 10 111 387 10
line
103 379 0 105 386 0
line
103 379 10 105 386 10
line
102 373 0 103 379 0
line
102 373 10 103 379 10
line
101 371 0 102 373 0
line
101 371 10 102 373 10
line
93 375 0 101 371 0
line
93 375 10 101 371 10
line
87 372 0 93 375 0
line
87 372 10 93 375 10
line
83 368 0 87 372 0
line
83 368 10 87 372 10
line
80 364 0 83 368 0
line
80 364 10 83 368 10
line
77 358 0 80 364 0
line
77 358 10 80 364 10
line
82 349 0 77 358 0
line
82 349 10 77 358 10
line
86 344 0 82 349 0
line
86 344 10 82 349 10
line
85 343 0 86 344 0
line
85 343 10 86 344 10
line
76 341 0 85 343 0
line
76 341 10 85 343 10
line
71 337 0 76 341 0
line
71 337 10 76 341 10
line
70 330 0 71 337 0
line
70 330 10 71 337 10
line
76 321 0 70 330 0
line
76 321 10 70 330 10
line
83 318 0 76 321 0
line
83 318 10 76 321 10
line
83 318 0 83 318 0
line
83 318 10 83 318 10
line
74 313 0 83 318 0
line
74 313 10 83 318 10
line
71 302 0 74 313 0
line
71 302 10 74 313 10
line
73 295 0 71 302 0
line
73 295 10 71 302 10
line
79 293 0 73 295 0
line
79 293 10 73 295 10
line
87 295 0 79 293 0
line
87 295 10 79 293 10
line
90 298 0 87 295 0
line
90 298 10 87 295 10
line
90 299 0 90 298 0
line
90 299 10 90 298 10
line
86 291 0 90 299 0
line
86 291 10 90 299 10
line
87 289 0 86 291 0
line
87 289 10 86 291 10
line
89 288 0 87 289 0
line
89 288 10 87 289 10
line
97 293 0 89 288 0
line
97 293 10 89 288 10
line
107 297 0 97 293 0
line
107 297 10 97 293 10
line
113 303 0 107 297 0
line
113 303 10 107 297 10
line
118 311 0 113 303 0
line
118 311 10 113 303 10
line
121 318 0 118 311 0
line
121 318 10 118 311 10
line
126 329 0 121 318 0
line
126 329 10 121 318 10
line
130 335 0 126 329 0
line
130 335 10 126 329 10
line
142 350 0 130 335 0
line
142 350 10 130 335 10
line
148 354 0 142 350 0
line
148 354 10 142 350 10
line
155 360 0 148 354 0
line
155 360 10 148 354 10
line
157 362 0 155 360 0
line
157 362 10 155 360 10
line
152 373 0 157 362 0
line
152 373 10 157 362 10
line
148 373 0 152 373 0
line
148 373 10 152 373 10
line
145 371 0 148 373 0
line
145 371 10 148 373 10
line
143 368 0 145 371 0
line
143 368 10 145 371 10
line
142 366 0 143 368 0
line
142 366 10 143 368 10
line
123 360 0 126 357 0
line
123 360 10 126 357 10
line
117 364 0 123 360 0
line
117 364 10 123 360 10
line
109 363 0 117 364 0
line
109 363 10 117 364 10
line
105 359 0 109 363 0
line
105 359 10 109 363 10
line
107 353 0 105 359 0
line
107 353 10 105 359 10
line
109 350 0 107 353 0
line
109 350 10 107 353 10
line
108 349 0 109 350 0
line
108 349 10 109 350 10
line
100 346 0 108 349 0
line
100 346 10 108 349 10
line
95 341 0 100 346 0
line
95 341 10 100 346 10
line
92 335 0 95 341 0
line
92 335 10 95 341 10
line
93 330 0 92 335 0
line
93 330 10 92 335 10
line
95 328 0 93 330 0
line
95 328 10 93 330 10
line
115 325 0 122 328 0
line
115 325 10 122 328 10
line
112 326 0 115 325 0
line
112 326 10 115 325 10
line
110 326 0 112 326 0
line
110 326 10 112 326 10
line
110 317 0 110 326 0
line
110 317 10 110 326 10
line
109 314 0 110 317 0
line
109 314 10 110 317 10
line
106 310 0 109 314 0
line
106 310 10 109 314 10
line
100 309 0 106 310 0
line
100 309 10 106 310 10
line
91 315 0 100 309 0
line
91 315 10 100 309 10
line
90 312 0 91 315 0
line
90 312 10 91 315 10
line
88 307 0 90 312 0
line
88 307 10 90 312 10
line
82 305 0 88 307 0
line
82 305 10 88 307 10
line
76 306 0 82 305 0
line
76 306 10 82 305 10
line
73 306 0 76 306 0
line
73 306 10 76 306 10
line
85 281 0 89 286 0
line
85 281 10 89 286 10
line
70 272 0 85 281 0
line
70 272 10 85 281 10
line
64 268 0 70 272 0
line
64 268 10 70 272 10
line
56 265 0 64 268 0
line
56 265 10 64 268 10
line
53 258 0 56 265 0
line
53 258 10 56 265 10
line
55 255 0 53 258 0
line
55 255 10 53 258 10
line
61 249 0 55 255 0
line
61 249 10 55 255 10
line
64 244 0 61 249 0
line
64 244 10 61 249 10
line
73 240 0 64 244 0
line
73 240 10 64 244 10
line
78 240 0 73 240 0
line
78 240 10 73 240 10
line
87 239 0 78 240 0
line
87 239 10 78 240 10
line
96 240 0 87 239 0
line
96 240 10 87 239 10
line
101 242 0 96 240 0
line
101 242 10 96 240 10
line
102 242 0 101 242 0
line
102 242 10 101 242 10
line
94 234 0 102 242 0
line
94 234 10 102 242 10
line
88 227 0 94 234 0
line
88 227 10 94 234 10
line
87 220 0 88 227 0
line
87 220 10 88 227 10
line
90 214 0 87 220 0
line
90 214 10 87 220 10
line
105 216 0 90 214 0
line
105 216 10 90 214 10
line
112 219 0 105 216 0
line
112 219 10 105 216 10
line
122 220 0 112 219 0
line
122 220 10 112 219 10
line
131 226 0 122 220 0
line
131 226 10 122 220 10
line
141 234 0 131 226 0
line
141 234 10 131 226 10
line
149 241 0 141 234 0
line
149 241 10 141 234 10
line
155 247 0 149 241 0
line
155 247 10 149 241 10
line
165 257 0 155 247 0
line
165 257 10 155 247 10
line
173 265 0 165 257 0
line
173 265 10 165 257 10
line
182 268 0 173 265 0
line
182 268 10 173 265 10
line
182 257 0 182 268 0
line
182 257 10 182 268 10
line
178 247 0 182 257 0
line
178 247 10 182 257 10
line
178 237 0 178 247 0
line
178 237 10 178 247 10
line
181 226 0 178 237 0
line
181 226 10 178 237 10
line
181 218 0 181 226 0
line
181 218 10 181 226 10
line
185 208 0 181 218 0
line
185 208 10 181 218 10
line
189 202 0 185 208 0
line
189 202 10 185 208 10
line
197 192 0 189 202 0
line
197 192 10 189 202 10
line
203 185 0 197 192 0
line
203 185 10 197 192 10
line
208 179 0 203 185 0
line
208 179 10 203 185 10
line
212 177 0 208 179 0
line
212 177 10 208 179 10
line
216 176 0 212 177 0
line
216 176 10 212 177 10
line
219 189 0 216 176 0
line
219 189 10 216 176 10
line
221 190 0 219 189 0
line
221 190 10 219 189 10
line
220 197 0 221 190 0
line
220 197 10 221 190 10
line
217 203 0 220 197 0
line
217 203 10 220 197 10
line
209 217 0 217 203 0
line
209 217 10 217 203 10
line
207 225 0 209 217 0
line
207 225 10 209 217 10
line
204 239 0 207 225 0
line
204 239 10 207 225 10
line
205 248 0 204 239 0
line
205 248 10 204 239 10
line
207 262 0 205 248 0
line
207 262 10 205 248 10
line
208 270 0 207 262 0
line
208 270 10 207 262 10
line
209 287 0 208 270 0
line
209 287 10 208 270 10
line
212 297 0 209 287 0
line
212 297 10 209 287 10
line
217 312 0 212 297 0
line
217 312 10 212 297 10
line
222 320 0 217 312 0
line
222 320 10 217 312 10
line
221 323 0 222 320 0
line
221 323 10 222 320 10
line
227 185 0 222 192 0
line
227 185 10 222 192 10
line
236 178 0 227 185 0
line
236 178 10 227 185 10
line
240 176 0 236 178 0
line
240 176 10 236 178 10
line
241 194 0 240 176 0
line
241 194 10 240 176 10
line
246 204 0 241 194 0
line
246 204 10 241 194 10
line
249 222 0 246 204 0
line
249 222 10 246 204 10
line
251 233 0 249 222 0
line
251 233 10 249 222 10
line
257 248 0 251 233 0
line
257 248 10 251 233 10
line
260 263 0 257 248 0
line
260 263 10 257 248 10
line
266 273 0 260 263 0
line
266 273 10 260 263 10
line
273 283 0 266 273 0
line
273 283 10 266 273 10
line
279 289 0 273 283 0
line
279 289 10 273 283 10
line
283 294 0 279 289 0
line
283 294 10 279 289 10
line
294 272 0 283 294 0
line
294 272 10 283 294 10
line
302 267 0 294 272 0
line
302 267 10 294 272 10
line
315 255 0 302 267 0
line
315 255 10 302 267 10
line
325 246 0 315 255 0
line
325 246 10 315 255 10
line
339 231 0 325 246 0
line
339 231 10 325 246 10
line
354 221 0 339 231 0
line
354 221 10 339 231 10
line
376 207 0 354 221 0
line
376 207 10 354 221 10
line
383 207 0 376 207 0
line
383 207 10 376 207 10
line
387 215 0 383 207 0
line
387 215 10 383 207 10
line
385 235 0 387 215 0
line
385 235 10 387 215 10
line
381 244 0 385 235 0
line
381 244 10 385 235 10
line
377 256 0 381 244 0
line
377 256 10 381 244 10
line
373 264 0 377 256 0
line
373 264 10 377 256 10
line
370 276 0 373 264 0
line
370 276 10 373 264 10
line
364 286 0 370 276 0
line
364 286 10 370 276 10
line
355 300 0 364 286 0
line
355 300 10 364 286 10
line
351 307 0 355 300 0
line
351 307 10 355 300 10
line
361 250 0 379 215 0
line
361 250 10 379 215 10
line
353 262 0 361 250 0
line
353 262 10 361 250 10
line
341 277 0 353 262 0
line
341 277 10 353 262 10
line
335 289 0 341 277 0
line
335 289 10 341 277 10
line
332 293 0 335 289 0
line
332 293 10 335 289 10
line
390 245 0 382 246 0
line
390 245 10 382 246 10
line
410 247 0 390 245 0
line
410 247 10 390 245 10
line
419 250 0 410 247 0
line
419 250 10 410 247 10
line
430 256 0 419 250 0
line
430 256 10 419 250 10
line
434 267 0 430 256 0
line
434 267 10 430 256 10
line
435 275 0 434 267 0
line
435 275 10 434 267 10
line
432 277 0 435 275 0
line
432 277 10 435 275 10
line
418 287 0 432 277 0
line
418 287 10 432 277 10
line
410 294 0 418 287 0
line
410 294 10 418 287 10
line
402 301 0 410 294 0
line
402 301 10 410 294 10
line
391 309 0 402 301 0
line
391 309 10 402 301 10
line
382 322 0 391 309 0
line
382 322 10 391 309 10
line
374 335 0 382 322 0
line
374 335 10 382 322 10
line
366 348 0 374 335 0
line
366 348 10 374 335 10
line
358 358 0 366 348 0
line
358 358 10 366 348 10
line
349 365 0 358 358 0
line
349 365 10 358 358 10
line
334 372 0 349 365 0
line
334 372 10 349 365 10
line
314 376 0 334 372 0
line
314 376 10 334 372 10
line
303 376 0 314 376 0
line
303 376 10 314 376 10
line
292 377 0 303 376 0
line
292 377 10 303 376 10
line
282 382 0 292 377 0
line
282 382 10 292 377 10
line
266 395 0 282 382 0
line
266 395 10 282 382 10
line
259 396 0 266 395 0
line
259 396 10 266 395 10
line
252 396 0 259 396 0
line
252 396 10 259 396 10
line
249 396 0 252 396 0
line
249 396 10 252 396 10
line
240 391 0 249 396 0
line
240 391 10 249 396 10
line
229 384 0 240 391 0
line
229 384 10 240 391 10
line
223 378 0 229 384 0
line
223 378 10 229 384 10
line
220 376 0 223 378 0
line
220 376 10 223 378 10
line
216 371 0 220 376 0
line
216 371 10 220 376 10
line
211 365 0 216 371 0
line
211 365 10 216 371 10
line
220 377 0 211 365 0
line
220 377 10 211 365 10
line
213 380 0 220 377 0
line
213 380 10 220 377 10
line
196 378 0 213 380 0
line
196 378 10 213 380 10
line
188 375 0 196 378 0
line
188 375 10 196 378 10
line
199 379 0 188 375 0
line
199 379 10 188 375 10
line
207 384 0 199 379 0
line
207 384 10 199 379 10
line
219 386 0 207 384 0
line
219 386 10 207 384 10
line
226 388 0 219 386 0
line
226 388 10 219 386 10
line
233 389 0 226 388 0
line
233 389 10 226 388 10
line
242 394 0 233 389 0
line
242 394 10 233 389 10
line
251 398 0 242 394 0
line
251 398 10 242 394 10
line
260 399 0 251 398 0
line
260 399 10 251 398 10
line
268 392 0 260 399 0
line
268 392 10 260 399 10
line
276 392 0 268 392 0
line
276 392 10 268 392 10
line
284 393 0 276 392 0
line
284 393 10 276 392 10
line
289 392 0 284 393 0
line
289 392 10 284 393 10
line
297 392 0 289 392 0
line
297 392 10 289 392 10
line
309 389 0 297 392 0
line
309 389 10 297 392 10
line
316 387 0 309 389 0
line
316 387 10 309 389 10
line
327 382 0 316 387 0
line
327 382 10 316 387 10
line
335 381 0 327 382 0
line
335 381 10 327 382 10
line
338 379 0 335 381 0
line
338 379 10 335 381 10
line
336 370 0 338 379 0
line
336 370 10 338 379 10
line
340 379 0 336 370 0
line
340 379 10 336 370 10
line
343 387 0 340 379 0
line
343 387 10 340 379 10
line
350 392 0 343 387 0
line
350 392 10 343 387 10
line
357 405 0 350 392 0
line
357 405 10 350 392 10
line
363 413 0 357 405 0
line
363 413 10 357 405 10
line
371 423 0 363 413 0
line
371 423 10 363 413 10
line
375 428 0 371 423 0
line
375 428 10 371 423 10
line
380 434 0 375 428 0
line
380 434 10 375 428 10
line
385 438 0 380 434 0
line
385 438 10 380 434 10
line
392 443 0 385 438 0
line
392 443 10 385 438 10
line
402 450 0 392 443 0
line
402 450 10 392 443 10
line
408 457 0 402 450 0
line
408 457 10 402 450 10
line
418 463 0 408 457 0
line
418 463 10 408 457 10
line
431 466 0 418 463 0
line
431 466 10 418 463 10
line
440 467 0 431 466 0
line
440 467 10 431 466 10
line
442 463 0 440 467 0
line
442 463 10 440 467 10
line
436 454 0 442 463 0
line
436 454 10 442 463 10
line
436 452 0 436 454 0
line
436 452 10 436 454 10
line
441 450 0 436 452 0
line
441 450 10 436 452 10
line
441 445 0 441 450 0
line
441 445 10 441 450 10
line
437 438 0 441 445 0
line
437 438 10 441 445 10
line
434 434 0 437 438 0
line
434 434 10 437 438 10
line
437 423 0 434 434 0
line
437 423 10 434 434 10
line
437 413 0 437 423 0
line
437 413 10 437 423 10
line
435 400 0 437 413 0
line
435 400 10 437 413 10
line
434 386 0 435 400 0
line
434 386 10 435 400 10
line
434 377 0 434 386 0
line
434 377 10 434 386 10
line
433 373 0 434 377 0
line
433 373 10 434 377 10
line
426 370 0 433 373 0
line
426 370 10 433 373 10
line
419 368 0 426 370 0
line
419 368 10 426 370 10
line
415 365 0 419 368 0
line
415 365 10 419 368 10
line
415 372 0 415 365 0
line
415 372 10 415 365 10
line
410 379 0 415 372 0
line
410 379 10 415 372 10
line
406 381 0 410 379 0
line
406 381 10 410 379 10
line
395 379 0 406 381 0
line
395 379 10 406 381 10
line
391 375 0 395 379 0
line
391 375 10 395 379 10
line
388 371 0 391 375 0
line
388 371 10 391 375 10
line
389 367 0 388 371 0
line
389 367 10 388 371 10
line
388 367 0 389 367 0
line
388 367 10 389 367 10
line
383 376 0 388 367 0
line
383 376 10 388 367 10
line
376 381 0 383 376 0
line
376 381 10 383 376 10
line
372 380 0 376 381 0
line
372 380 10 376 381 10
line
365 363 0 372 380 0
line
365 363 10 372 380 10
line
359 353 0 365 363 0
line
359 353 10 365 363 10
line
371 380 0 359 353 0
line
371 380 10 359 353 10
line
375 388 0 371 380 0
line
375 388 10 371 380 10
line
379 404 0 375 388 0
line
379 404 10 375 388 10
line
382 410 0 379 404 0
line
382 410 10 379 404 10
line
390 421 0 382 410 0
line
390 421 10 382 410 10
line
401 432 0 390 421 0
line
401 432 10 390 421 10
line
409 443 0 401 432 0
line
409 443 10 401 432 10
line
417 451 0 409 443 0
line
417 451 10 409 443 10
line
371 352 0 367 349 0
line
371 352 10 367 349 10
line
375 351 0 371 352 0
line
375 351 10 371 352 10
line
379 349 0 375 351 0
line
379 349 10 375 351 10
line
394 348 0 393 350 0
line
394 348 10 393 350 10
line
397 357 0 394 348 0
line
397 357 10 394 348 10
line
407 356 0 397 357 0
line
407 356 10 397 357 10
line
414 353 0 407 356 0
line
414 353 10 407 356 10
line
415 348 0 414 353 0
line
415 348 10 414 353 10
line
414 345 0 415 348 0
line
414 345 10 415 348 10
line
415 343 0 414 345 0
line
415 343 10 414 345 10
line
423 346 0 415 343 0
line
423 346 10 415 343 10
line
426 343 0 423 346 0
line
426 343 10 423 346 10
line
428 338 0 426 343 0
line
428 338 10 426 343 10
line
431 334 0 428 338 0
line
431 334 10 428 338 10
line
431 328 0 431 334 0
line
431 328 10 431 334 10
line
428 318 0 431 328 0
line
428 318 10 431 328 10
line
427 318 0 428 318 0
line
427 318 10 428 318 10
line
421 315 0 427 318 0
line
421 315 10 427 318 10
line
418 315 0 421 315 0
line
418 315 10 421 315 10
line
425 310 0 418 315 0
line
425 310 10 418 315 10
line
426 305 0 425 310 0
line
426 305 10 425 310 10
line
425 296 0 426 305 0
line
425 296 10 426 305 10
line
421 295 0 425 296 0
line
421 295 10 425 296 10
line
421 295 0 421 295 0
line
421 295 10 421 295 10
line
413 299 0 421 295 0
line
413 299 10 421 295 10
line
409 302 0 413 299 0
line
409 302 10 413 299 10
line
406 306 0 409 302 0
line
406 306 10 409 302 10
line
405 314 0 406 306 0
line
405 314 10 406 306 10
line
404 318 0 405 314 0
line
404 318 10 405 314 10
line
401 319 0 404 318 0
line
401 319 10 404 318 10
line
397 320 0 401 319 0
line
397 320 10 401 319 10
line
390 323 0 397 320 0
line
390 323 10 397 320 10
line
388 332 0 390 323 0
line
388 332 10 390 323 10
line
390 336 0 388 332 0
line
390 336 10 388 332 10
line
393 343 0 390 336 0
line
393 343 10 390 336 10
line
390 349 0 393 343 0
line
390 349 10 393 343 10
line
440 368 0 432 370 0
line
440 368 10 432 370 10
line
443 361 0 440 368 0
line
443 361 10 440 368 10
line
442 354 0 443 361 0
line
442 354 10 443 361 10
line
439 350 0 442 354 0
line
439 350 10 442 354 10
line
451 349 0 439 350 0
line
451 349 10 439 350 10
line
453 342 0 451 349 0
line
453 342 10 451 349 10
line
454 337 0 453 342 0
line
454 337 10 453 342 10
line
451 330 0 454 337 0
line
451 330 10 454 337 10
line
445 324 0 451 330 0
line
445 324 10 451 330 10
line
450 320 0 445 324 0
line
450 320 10 445 324 10
line
453 313 0 450 320 0
line
453 313 10 450 320 10
line
455 305 0 453 313 0
line
455 305 10 453 313 10
line
453 299 0 455 305 0
line
453 299 10 455 305 10
line
444 297 0 453 299 0
line
444 297 10 453 299 10
line
440 298 0 444 297 0
line
440 298 10 444 297 10
line
444 291 0 440 298 0
line
444 291 10 440 298 10
line
443 284 0 444 291 0
line
443 284 10 444 291 10
line
439 277 0 443 284 0
line
439 277 10 443 284 10
line
437 276 0 439 277 0
line
437 276 10 439 277 10
line
447 282 0 437 276 0
line
447 282 10 437 276 10
line
448 285 0 447 282 0
line
448 285 10 447 282 10
line
456 277 0 448 285 0
line
456 277 10 448 285 10
line
460 274 0 456 277 0
line
460 274 10 456 277 10
line
469 270 0 460 274 0
line
469 270 10 460 274 10
line
473 268 0 469 270 0
line
473 268 10 469 270 10
line
467 257 0 473 268 0
line
467 257 10 473 268 10
line
457 241 0 467 257 0
line
457 241 10 467 257 10
line
454 234 0 457 241 0
line
454 234 10 457 241 10
line
452 232 0 454 234 0
line
452 232 10 454 234 10
line
443 237 0 452 232 0
line
443 237 10 452 232 10
line
432 241 0 443 237 0
line
432 241 10 443 237 10
line
430 241 0 432 241 0
line
430 241 10 432 241 10
line
445 233 0 430 241 0
line
445 233 10 430 241 10
line
453 230 0 445 233 0
line
453 230 10 445 233 10
line
459 221 0 453 230 0
line
459 221 10 453 230 10
line
465 216 0 459 221 0
line
465 216 10 459 221 10
line
469 215 0 465 216 0
line
469 215 10 465 216 10
line
471 210 0 469 215 0
line
471 210 10 469 215 10
line
460 203 0 471 210 0
line
460 203 10 471 210 10
line
452 199 0 460 203 0
line
452 199 10 460 203 10
line
444 190 0 452 199 0
line
444 190 10 452 199 10
line
443 189 0 444 190 0
line
443 189 10 444 190 10
line
442 191 0 443 189 0
line
442 191 10 443 189 10
line
436 199 0 442 191 0
line
436 199 10 442 191 10
line
432 206 0 436 199 0
line
432 206 10 436 199 10
line
427 211 0 432 206 0
line
427 211 10 432 206 10
line
424 215 0 427 211 0
line
424 215 10 427 211 10
line
431 200 0 424 215 0
line
431 200 10 424 215 10
line
436 194 0 431 200 0
line
436 194 10 431 200 10
line
439 186 0 436 194 0
line
439 186 10 436 194 10
line
438 176 0 439 186 0
line
438 176 10 439 186 10
line
439 171 0 438 176 0
line
439 171 10 438 176 10
line
436 170 0 439 171 0
line
436 170 10 439 171 10
line
429 171 0 436 170 0
line
429 171 10 436 170 10
line
416 171 0 429 171 0
line
416 171 10 429 171 10
line
409 171 0 416 171 0
line
409 171 10 416 171 10
line
408 172 0 409 171 0
line
408 172 10 409 171 10
line
414 183 0 408 172 0
line
414 183 10 408 172 10
line
414 191 0 414 183 0
line
414 191 10 414 183 10
line
416 199 0 414 191 0
line
416 199 10 414 191 10
line
420 215 0 416 199 0
line
420 215 10 416 199 10
line
421 222 0 420 215 0
line
421 222 10 420 215 10
line
420 228 0 421 222 0
line
420 228 10 421 222 10
line
420 241 0 420 228 0
line
420 241 10 420 228 10
line
419 248 0 420 241 0
line
419 248 10 420 241 10
line
413 240 0 419 248 0
line
413 240 10 419 248 10
line
412 233 0 413 240 0
line
412 233 10 413 240 10
line
411 223 0 412 233 0
line
411 223 10 412 233 10
line
406 214 0 411 223 0
line
406 214 10 411 223 10
line
404 210 0 406 214 0
line
404 210 10 406 214 10
line
396 228 0 395 238 0
line
396 228 10 395 238 10
line
397 220 0 396 228 0
line
397 220 10 396 228 10
line
395 209 0 397 220 0
line
395 209 10 397 220 10
line
397 202 0 395 209 0
line
397 202 10 395 209 10
line
399 194 0 397 202 0
line
399 194 10 397 202 10
line
403 181 0 399 194 0
line
403 181 10 399 194 10
line
405 172 0 403 181 0
line
405 172 10 403 181 10
line
408 166 0 405 172 0
line
408 166 10 405 172 10
line
410 159 0 408 166 0
line
410 159 10 408 166 10
line
413 150 0 410 159 0
line
413 150 10 410 159 10
line
420 143 0 413 150 0
line
420 143 10 413 150 10
line
424 136 0 420 143 0
line
424 136 10 420 143 10
line
422 133 0 424 136 0
line
422 133 10 424 136 10
line
412 130 0 422 133 0
line
412 130 10 422 133 10
line
398 128 0 412 130 0
line
398 128 10 412 130 10
line
386 127 0 398 128 0
line
386 127 10 398 128 10
line
382 130 0 386 127 0
line
382 130 10 386 127 10
line
382 133 0 382 130 0
line
382 133 10 382 130 10
line
374 121 0 382 133 0
line
374 121 10 382 133 10
line
376 108 0 374 121 0
line
376 108 10 374 121 10
line
375 97 0 376 108 0
line
375 97 10 376 108 10
line
369 89 0 375 97 0
line
369 89 10 375 97 10
line
365 77 0 369 89 0
line
365 77 10 369 89 10
line
355 69 0 365 77 0
line
355 69 10 365 77 10
line
345 62 0 355 69 0
line
345 62 10 355 69 10
line
337 53 0 345 62 0
line
337 53 10 345 62 10
line
332 46 0 337 53 0
line
332 46 10 337 53 10
line
329 45 0 332 46 0
line
329 45 10 332 46 10
line
329 53 0 329 45 0
line
329 53 10 329 45 10
line
325 62 0 329 53 0
line
325 62 10 329 53 10
line
323 68 0 325 62 0
line
323 68 10 325 62 10
line
323 84 0 323 68 0
line
323 84 10 323 68 10
line
324 91 0 323 84 0
line
324 91 10 323 84 10
line
326 103 0 324 91 0
line
326 103 10 324 91 10
line
336 114 0 326 103 0
line
336 114 10 326 103 10
line
341 120 0 336 114 0
line
341 120 10 336 114 10
line
346 122 0 341 120 0
line
346 122 10 341 120 10
line
351 123 0 346 122 0
line
351 123 10 346 122 10
line
353 123 0 351 123 0
line
353 123 10 351 123 10
line
339 124 0 353 123 0
line
339 124 10 353 123 10
line
332 126 0 339 124 0
line
332 126 10 339 124 10
line
324 130 0 332 126 0
line
324 130 10 332 126 10
line
317 133 0 324 130 0
line
317 133 10 324 130 10
line
323 138 0 317 133 0
line
323 138 10 317 133 10
line
332 144 0 323 138 0
line
332 144 10 323 138 10
line
338 155 0 332 144 0
line
338 155 10 332 144 10
line
342 164 0 338 155 0
line
342 164 10 338 155 10
line
343 171 0 342 164 0
line
343 171 10 342 164 10
line
346 185 0 343 171 0
line
346 185 10 343 171 10
line
349 196 0 346 185 0
line
349 196 10 346 185 10
line
351 207 0 349 196 0
line
351 207 10 349 196 10
line
350 218 0 351 207 0
line
350 218 10 351 207 10
line
350 220 0 350 218 0
line
350 220 10 350 218 10
line
334 231 0 350 220 0
line
334 231 10 350 220 10
line
327 234 0 334 231 0
line
327 234 10 334 231 10
line
313 235 0 327 234 0
line
313 235 10 327 234 10
line
302 235 0 313 235 0
line
302 235 10 313 235 10
line
289 233 0 302 235 0
line
289 233 10 302 235 10
line
276 230 0 289 233 0
line
276 230 10 289 233 10
line
266 224 0 276 230 0
line
266 224 10 276 230 10
line
261 219 0 266 224 0
line
261 219 10 266 224 10
line
257 217 0 261 219 0
line
257 217 10 261 219 10
line
252 224 0 257 217 0
line
252 224 10 257 217 10
line
255 229 0 252 224 0
line
255 229 10 252 224 10
line
265 234 0 255 229 0
line
265 234 10 255 229 10
line
276 239 0 265 234 0
line
276 239 10 265 234 10
line
277 240 0 276 239 0
line
277 240 10 276 239 10
line
272 246 0 277 240 0
line
272 246 10 277 240 10
line
272 249 0 272 246 0
line
272 249 10 272 246 10
line
276 248 0 272 249 0
line
276 248 10 272 249 10
line
280 244 0 276 248 0
line
280 244 10 276 248 10
line
286 244 0 280 244 0
line
286 244 10 280 244 10
line
293 247 0 286 244 0
line
293 247 10 286 244 10
line
297 249 0 293 247 0
line
297 249 10 293 247 10
line
296 255 0 297 249 0
line
296 255 10 297 249 10
line
296 258 0 296 255 0
line
296 258 10 296 255 10
line
299 258 0 296 258 0
line
299 258 10 296 258 10
line
301 251 0 299 258 0
line
301 251 10 299 258 10
line
302 250 0 301 251 0
line
302 250 10 301 251 10
line
311 248 0 302 250 0
line
311 248 10 302 250 10
line
315 248 0 311 248 0
line
315 248 10 311 248 10
line
316 248 0 315 248 0
line
316 248 10 315 248 10
line
321 245 0 316 248 0
line
321 245 10 316 248 10
line
328 240 0 321 245 0
line
328 240 10 321 245 10
line
333 236 0 328 240 0
line
333 236 10 328 240 10
line
335 233 0 333 236 0
line
335 233 10 333 236 10
line
175 240 0 180 239 0
line
175 240 10 180 239 10
line
173 241 0 175 240 0
line
173 241 10 175 240 10
line
171 249 0 173 241 0
line
171 249 10 173 241 10
line
170 250 0 171 249 0
line
170 250 10 171 249 10
line
168 246 0 170 250 0
line
168 246 10 170 250 10
line
171 243 0 168 246 0
line
171 243 10 168 246 10
line
170 241 0 171 243 0
line
170 241 10 171 243 10
line
163 242 0 170 241 0
line
163 242 10 170 241 10
line
158 242 0 163 242 0
line
158 242 10 163 242 10
line
153 242 0 158 242 0
line
153 242 10 158 242 10
line
147 235 0 153 242 0
line
147 235 10 153 242 10
line
141 232 0 147 235 0
line
141 232 10 147 235 10
line
137 227 0 141 232 0
line
137 227 10 141 232 10
line
129 222 0 137 227 0
line
129 222 10 137 227 10
line
130 212 0 129 222 0
line
130 212 10 129 222 10
line
127 207 0 130 212 0
line
127 207 10 130 212 10
line
136 213 0 127 207 0
line
136 213 10 127 207 10
line
144 221 0 136 213 0
line
144 221 10 136 213 10
line
151 226 0 144 221 0
line
151 226 10 144 221 10
line
164 229 0 151 226 0
line
164 229 10 151 226 10
line
168 228 0 164 229 0
line
168 228 10 164 229 10
line
179 228 0 168 228 0
line
179 228 10 168 228 10
line
126 203 0 129 207 0
line
126 203 10 129 207 10
line
127 192 0 126 203 0
line
127 192 10 126 203 10
line
123 185 0 127 192 0
line
123 185 10 127 192 10
line
120 175 0 123 185 0
line
120 175 10 123 185 10
line
118 164 0 120 175 0
line
118 164 10 120 175 10
line
114 155 0 118 164 0
line
114 155 10 118 164 10
line
111 145 0 114 155 0
line
111 145 10 114 155 10
line
110 132 0 111 145 0
line
110 132 10 111 145 10
line
113 121 0 110 132 0
line
113 121 10 110 132 10
line
117 113 0 113 121 0
line
117 113 10 113 121 10
line
119 109 0 117 113 0
line
119 109 10 117 113 10
line
122 108 0 119 109 0
line
122 108 10 119 109 10
line
132 100 0 122 108 0
line
132 100 10 122 108 10
line
137 99 0 132 100 0
line
137 99 10 132 100 10
line
144 96 0 137 99 0
line
144 96 10 137 99 10
line
152 92 0 144 96 0
line
152 92 10 144 96 10
line
157 92 0 152 92 0
line
157 92 10 152 92 10
line
167 87 0 157 92 0
line
167 87 10 157 92 10
line
183 85 0 167 87 0
line
183 85 10 167 87 10
line
194 84 0 183 85 0
line
194 84 10 183 85 10
line
210 83 0 194 84 0
line
210 83 10 194 84 10
line
229 82 0 210 83 0
line
229 82 10 210 83 10
line
246 83 0 229 82 0
line
246 83 10 229 82 10
line
259 85 0 246 83 0
line
259 85 10 246 83 10
line
281 87 0 259 85 0
line
281 87 10 259 85 10
line
290 90 0 281 87 0
line
290 90 10 281 87 10
line
312 97 0 290 90 0
line
312 97 10 290 90 10
line
324 102 0 312 97 0
line
324 102 10 312 97 10
line
328 103 0 324 102 0
line
328 103 10 324 102 10
line
418 168 0 422 165 0
line
418 168 10 422 165 10
line
428 160 0 418 168 0
line
428 160 10 418 168 10
line
430 152 0 428 160 0
line
430 152 10 428 160 10
line
433 146 0 430 152 0
line
433 146 10 430 152 10
line
437 131 0 433 146 0
line
437 131 10 433 146 10
line
439 122 0 437 131 0
line
439 122 10 437 131 10
line
442 110 0 439 122 0
line
442 110 10 439 122 10
line
444 98 0 442 110 0
line
444 98 10 442 110 10
line
448 78 0 444 98 0
line
448 78 10 444 98 10
line
449 63 0 448 78 0
line
449 63 10 448 78 10
line
448 44 0 449 63 0
line
448 44 10 449 63 10
line
446 32 0 448 44 0
line
446 32 10 448 44 10
line
441 14 0 446 32 0
line
441 14 10 446 32 10
line
440 7 0 441 14 0
line
440 7 10 441 14 10
line
445 14 0 440 7 0
line
445 14 10 440 7 10
line
462 18 0 445 14 0
line
462 18 10 445 14 10
line
466 22 0 462 18 0
line
466 22 10 462 18 10
line
471 34 0 466 22 0
line
471 34 10 466 22 10
line
477 45 0 471 34 0
line
477 45 10 471 34 10
line
480 54 0 477 45 0
line
480 54 10 477 45 10
line
480 68 0 480 54 0
line
480 68 10 480 54 10
line
480 85 0 480 68 0
line
480 85 10 480 68 10
line
478 102 0 480 85 0
line
478 102 10 480 85 10
line
475 112 0 478 102 0
line
475 112 10 478 102 10
line
473 119 0 475 112 0
line
473 119 10 475 112 10
line
483 93 0 473 119 0
line
483 93 10 473 119 10
line
485 67 0 483 93 0
line
485 67 10 483 93 10
line
484 57 0 485 67 0
line
484 57 10 485 67 10
line
483 45 0 484 57 0
line
483 45 10 484 57 10
line
486 33 0 483 45 0
line
486 33 10 483 45 10
line
488 27 0 486 33 0
line
488 27 10 486 33 10
line
495 43 0 488 27 0
line
495 43 10 488 27 10
line
499 52 0 495 43 0
line
499 52 10 495 43 10
line
500 59 0 499 52 0
line
500 59 10 499 52 10
line
499 72 0 500 59 0
line
499 72 10 500 59 10
line
498 80 0 499 72 0
line
498 80 10 499 72 10
line
497 98 0 498 80 0
line
497 98 10 498 80 10
line
496 118 0 497 98 0
line
496 118 10 497 98 10
line
494 127 0 496 118 0
line
494 127 10 496 118 10
line
489 141 0 494 127 0
line
489 141 10 494 127 10
line
486 150 0 489 141 0
line
486 150 10 489 141 10
line
479 171 0 486 150 0
line
479 171 10 486 150 10
line
470 181 0 479 171 0
line
470 181 10 479 171 10
line
461 192 0 470 181 0
line
461 192 10 470 181 10
line
456 194 0 461 192 0
line
456 194 10 461 192 10
line
455 27 0 446 13 0
line
455 27 10 446 13 10
line
460 45 0 455 27 0
line
460 45 10 455 27 10
line
460 62 0 460 45 0
line
460 62 10 460 45 10
line
463 80 0 460 62 0
line
463 80 10 460 62 10
line
460 115 0 463 80 0
line
460 115 10 463 80 10
line
459 123 0 460 115 0
line
459 123 10 460 115 10
line
456 133 0 459 123 0
line
456 133 10 459 123 10
line
413 144 0 419 143 0
line
413 144 10 419 143 10
line
405 147 0 413 144 0
line
405 147 10 413 144 10
line
398 158 0 405 147 0
line
398 158 10 405 147 10
line
393 167 0 398 158 0
line
393 167 10 398 158 10
line
388 176 0 393 167 0
line
388 176 10 393 167 10
line
386 184 0 388 176 0
line
386 184 10 388 176 10
line
380 148 0 379 133 0
line
380 148 10 379 133 10
line
379 158 0 380 148 0
line
379 158 10 380 148 10
line
380 172 0 379 158 0
line
380 172 10 379 158 10
line
378 185 0 380 172 0
line
378 185 10 380 172 10
line
378 191 0 378 185 0
line
378 191 10 378 185 10
line
330 68 0 327 55 0
line
330 68 10 327 55 10
line
333 79 0 330 68 0
line
333 79 10 330 68 10
line
339 93 0 333 79 0
line
339 93 10 333 79 10
line
344 101 0 339 93 0
line
344 101 10 339 93 10
line
350 108 0 344 101 0
line
350 108 10 344 101 10
line
351 112 0 350 108 0
line
351 112 10 350 108 10
line
374 277 0 368 280 0
line
374 277 10 368 280 10
line
388 274 0 374 277 0
line
388 274 10 374 277 10
line
397 273 0 388 274 0
line
397 273 10 388 274 10
line
405 268 0 397 273 0
line
405 268 10 397 273 10
line
414 265 0 405 268 0
line
414 265 10 405 268 10
line
420 264 0 414 265 0
line
420 264 10 414 265 10
line
193 330 0 196 340 0
line
193 330 10 196 340 10
line
189 319 0 193 330 0
line
189 319 10 193 330 10
line
187 309 0 189 319 0
line
187 309 10 189 319 10
line
185 297 0 187 309 0
line
185 297 10 187 309 10
line
181 279 0 185 297 0
line
181 279 10 185 297 10
line
182 270 0 181 279 0
line
182 270 10 181 279 10
line
182 269 0 182 270 0
line
182 269 10 182 270 10
line
112 233 0 98 217 0
line
112 233 10 98 217 10
line
123 242 0 112 233 0
line
123 242 10 112 233 10
line
129 253 0 123 242 0
line
129 253 10 123 242 10
line
136 269 0 129 253 0
line
136 269 10 129 253 10
line
152 286 0 136 269 0
line
152 286 10 136 269 10
line
157 290 0 152 286 0
line
157 290 10 152 286 10
line
116 264 0 106 246 0
line
116 264 10 106 246 10
line
119 273 0 116 264 0
line
119 273 10 116 264 10
line
130 293 0 119 273 0
line
130 293 10 119 273 10
line
139 302 0 130 293 0
line
139 302 10 130 293 10
line
145 318 0 139 302 0
line
145 318 10 139 302 10
line
104 267 0 114 273 0
line
104 267 10 114 273 10
line
86 264 0 104 267 0
line
86 264 10 104 267 10
line
74 263 0 86 264 0
line
74 263 10 86 264 10
line
59 262 0 74 263 0
line
59 262 10 74 263 10
line
163 430 0 162 421 0
line
163 430 10 162 421 10
line
161 452 0 163 430 0
line
161 452 10 163 430 10
line
162 461 0 161 452 0
line
162 461 10 161 452 10
line
168 474 0 162 461 0
line
168 474 10 162 461 10
line
177 472 0 168 474 0
line
177 472 10 168 474 10
line
186 462 0 177 472 0
line
186 462 10 177 472 10
line
201 452 0 186 462 0
line
201 452 10 186 462 10
line
211 438 0 201 452 0
line
211 438 10 201 452 10
line
225 424 0 211 438 0
line
225 424 10 211 438 10
line
236 412 0 225 424 0
line
236 412 10 225 424 10
line
242 409 0 236 412 0
line
242 409 10 236 412 10
line
253 411 0 242 409 0
line
253 411 10 242 409 10
line
261 409 0 253 411 0
line
261 409 10 253 411 10
line
268 407 0 261 409 0
line
268 407 10 261 409 10
line
272 406 0 268 407 0
line
272 406 10 268 407 10
line
282 418 0 272 406 0
line
282 418 10 272 406 10
line
288 425 0 282 418 0
line
288 425 10 282 418 10
line
305 443 0 288 425 0
line
305 443 10 288 425 10
line
306 445 0 305 443 0
line
306 445 10 305 443 10
line
325 454 0 306 445 0
line
325 454 10 306 445 10
line
339 463 0 325 454 0
line
339 463 10 325 454 10
line
351 466 0 339 463 0
line
351 466 10 339 463 10
line
363 467 0 351 466 0
line
363 467 10 351 466 10
line
367 456 0 363 467 0
line
367 456 10 363 467 10
line
370 436 0 367 456 0
line
370 436 10 367 456 10
line
368 423 0 370 436 0
line
368 423 10 370 436 10
line
361 414 0 368 423 0
line
361 414 10 368 423 10
line
321 410 0 330 415 0
line
321 410 10 330 415 10
line
303 400 0 321 410 0
line
303 400 10 321 410 10
line
296 395 0 303 400 0
line
296 395 10 303 400 10
line
292 392 0 296 395 0
line
292 392 10 296 395 10
line
272 404 0 270 396 0
line
272 404 10 270 396 10
line
266 396 0 272 404 0
line
266 396 10 272 404 10
line
256 400 0 266 396 0
line
256 400 10 266 396 10
line
245 398 0 256 400 0
line
245 398 10 256 400 10
line
238 394 0 245 398 0
line
238 394 10 245 398 10
line
236 397 0 238 394 0
line
236 397 10 238 394 10
line
238 405 0 236 397 0
line
238 405 10 236 397 10
line
238 407 0 238 405 0
line
238 407 10 238 405 10
line
218 401 0 224 390 0
line
218 401 10 224 390 10
line
205 408 0 218 401 0
line
205 408 10 218 401 10
line
198 413 0 205 408 0
line
198 413 10 205 408 10
line
61 242 0 65 243 0
line
61 242 10 65 243 10
line
54 236 0 61 242 0
line
54 236 10 61 242 10
line
50 226 0 54 236 0
line
50 226 10 54 236 10
line
61 218 0 50 226 0
line
61 218 10 50 226 10
line
74 206 0 61 218 0
line
74 206 10 61 218 10
line
82 200 0 74 206 0
line
82 200 10 74 206 10
line
89 206 0 82 200 0
line
89 206 10 82 200 10
line
92 209 0 89 206 0
line
92 209 10 89 206 10
line
87 197 0 92 209 0
line
87 197 10 92 209 10
line
88 190 0 87 197 0
line
88 190 10 87 197 10
line
86 176 0 88 190 0
line
86 176 10 88 190 10
line
87 171 0 86 176 0
line
87 171 10 86 176 10
line
94 170 0 87 171 0
line
94 170 10 87 171 10
line
98 172 0 94 170 0
line
98 172 10 94 170 10
line
103 182 0 98 172 0
line
103 182 10 98 172 10
line
108 189 0 103 182 0
line
108 189 10 103 182 10
line
111 204 0 108 189 0
line
111 204 10 108 189 10
line
112 209 0 111 204 0
line
112 209 10 111 204 10
line
94 164 0 98 169 0
line
94 164 10 98 169 10
line
91 156 0 94 164 0
line
91 156 10 94 164 10
line
81 149 0 91 156 0
line
81 149 10 91 156 10
line
72 142 0 81 149 0
line
72 142 10 81 149 10
line
66 137 0 72 142 0
line
66 137 10 72 142 10
line
81 132 0 66 137 0
line
81 132 10 66 137 10
line
94 130 0 81 132 0
line
94 130 10 81 132 10
line
101 130 0 94 130 0
line
101 130 10 94 130 10
line
102 129 0 101 130 0
line
102 129 10 101 130 10
line
91 115 0 102 129 0
line
91 115 10 102 129 10
line
88 104 0 91 115 0
line
88 104 10 91 115 10
line
89 92 0 88 104 0
line
89 92 10 88 104 10
line
92 79 0 89 92 0
line
92 79 10 89 92 10
line
100 70 0 92 79 0
line
100 70 10 92 79 10
line
109 64 0 100 70 0
line
109 64 10 100 70 10
line
118 56 0 109 64 0
line
118 56 10 109 64 10
line
125 52 0 118 56 0
line
125 52 10 118 56 10
line
130 45 0 125 52 0
line
130 45 10 125 52 10
line
134 45 0 130 45 0
line
134 45 10 130 45 10
line
138 52 0 134 45 0
line
138 52 10 134 45 10
line
139 80 0 138 52 0
line
139 80 10 138 52 10
line
134 93 0 139 80 0
line
134 93 10 139 80 10
line
127 101 0 134 93 0
line
127 101 10 134 93 10
line
123 104 0 127 101 0
line
123 104 10 127 101 10
line
103 101 0 104 116 0
line
103 101 10 104 116 10
line
106 92 0 103 101 0
line
106 92 10 103 101 10
line
115 78 0 106 92 0
line
115 78 10 106 92 10
line
121 67 0 115 78 0
line
121 67 10 115 78 10
line
124 60 0 121 67 0
line
124 60 10 121 67 10
line
126 55 0 124 60 0
line
126 55 10 124 60 10
line
130 47 0 126 55 0
line
130 47 10 126 55 10
line
72 115 0 77 132 0
line
72 115 10 77 132 10
line
65 105 0 72 115 0
line
65 105 10 72 115 10
line
59 94 0 65 105 0
line
59 94 10 65 105 10
line
54 83 0 59 94 0
line
54 83 10 59 94 10
line
50 70 0 54 83 0
line
50 70 10 54 83 10
line
43 53 0 50 70 0
line
43 53 10 50 70 10
line
43 46 0 43 53 0
line
43 46 10 43 53 10
line
46 35 0 43 46 0
line
46 35 10 43 46 10
line
45 33 0 46 35 0
line
45 33 10 46 35 10
line
42 36 0 45 33 0
line
42 36 10 45 33 10
line
37 32 0 42 36 0
line
37 32 10 42 36 10
line
41 19 0 37 32 0
line
41 19 10 37 32 10
line
43 11 0 41 19 0
line
43 11 10 41 19 10
line
43 7 0 43 11 0
line
43 7 10 43 11 10
line
31 20 0 43 7 0
line
31 20 10 43 7 10
line
27 28 0 31 20 0
line
27 28 10 31 20 10
line
34 17 0 27 28 0
line
34 17 10 27 28 10
line
37 14 0 34 17 0
line
37 14 10 34 17 10
line
34 24 0 37 14 0
line
34 24 10 37 14 10
line
27 36 0 34 24 0
line
27 36 10 34 24 10
line
27 45 0 27 36 0
line
27 45 10 27 36 10
line
29 58 0 27 45 0
line
29 58 10 27 45 10
line
31 68 0 29 58 0
line
31 68 10 29 58 10
line
33 81 0 31 68 0
line
33 81 10 31 68 10
line
41 93 0 33 81 0
line
41 93 10 33 81 10
line
48 106 0 41 93 0
line
48 106 10 41 93 10
line
55 124 0 48 106 0
line
55 124 10 48 106 10
line
21 40 0 23 31 0
line
21 40 10 23 31 10
line
17 56 0 21 40 0
line
17 56 10 21 40 10
line
18 68 0 17 56 0
line
18 68 10 17 56 10
line
21 82 0 18 68 0
line
21 82 10 18 68 10
line
25 92 0 21 82 0
line
25 92 10 21 82 10
line
31 110 0 25 92 0
line
31 110 10 25 92 10
line
40 125 0 31 110 0
line
40 125 10 31 110 10
line
47 139 0 40 125 0
line
47 139 10 40 125 10
line
15 75 0 47 139 0
line
15 75 10 47 139 10
line
13 97 0 15 75 0
line
13 97 10 15 75 10
line
12 113 0 13 97 0
line
12 113 10 13 97 10
line
17 128 0 12 113 0
line
17 128 10 12 113 10
line
25 147 0 17 128 0
line
25 147 10 17 128 10
line
38 163 0 25 147 0
line
38 163 10 25 147 10
line
48 174 0 38 163 0
line
48 174 10 38 163 10
line
56 184 0 48 174 0
line
56 184 10 48 174 10
line
61 197 0 56 184 0
line
61 197 10 56 184 10
line
69 213 0 61 197 0
line
69 213 10 61 197 10
line
197 118 0 198 124 0
line
197 118 10 198 124 10
line
203 111 0 197 118 0
line
203 111 10 197 118 10
line
212 110 0 203 111 0
line
212 110 10 203 111 10
line
221 119 0 212 110 0
line
221 119 10 212 110 10
line
223 120 0 221 119 0
line
223 120 10 221 119 10
line
230 113 0 223 120 0
line
230 113 10 223 120 10
line
240 112 0 230 113 0
line
240 112 10 230 113 10
line
248 117 0 240 112 0
line
248 117 10 240 112 10
line
250 123 0 248 117 0
line
250 123 10 248 117 10
line
250 126 0 250 123 0
line
250 126 10 250 123 10
line
280 148 0 281 150 0
line
280 148 10 281 150 10
line
280 145 0 280 148 0
line
280 145 10 280 148 10
line
286 147 0 280 145 0
line
286 147 10 280 145 10
line
288 148 0 286 147 0
line
288 148 10 286 147 10
line
287 141 0 288 148 0
line
287 141 10 288 148 10
line
290 145 0 287 141 0
line
290 145 10 287 141 10
line
293 151 0 290 145 0
line
293 151 10 290 145 10
line
298 151 0 293 151 0
line
298 151 10 293 151 10
line
308 151 0 298 151 0
line
308 151 10 298 151 10
line
308 151 0 308 151 0
line
308 151 10 308 151 10
line
304 145 0 308 151 0
line
304 145 10 308 151 10
line
304 150 0 304 145 0
line
304 150 10 304 145 10
line
309 153 0 304 150 0
line
309 153 10 304 150 10
line
315 152 0 309 153 0
line
315 152 10 309 153 10
line
322 152 0 315 152 0
line
322 152 10 315 152 10
line
327 153 0 322 152 0
line
327 153 10 322 152 10
line
327 155 0 327 153 0
line
327 155 10 327 153 10
line
326 157 0 327 155 0
line
326 157 10 327 155 10
line
322 156 0 326 157 0
line
322 156 10 326 157 10
line
318 156 0 322 156 0
line
318 156 10 322 156 10
line
313 156 0 318 156 0
line
313 156 10 318 156 10
line
303 154 0 313 156 0
line
303 154 10 313 156 10
line
296 153 0 303 154 0
line
296 153 10 303 154 10
line
288 151 0 296 153 0
line
288 151 10 296 153 10
line
285 151 0 288 151 0
line
285 151 10 288 151 10
line
281 153 0 285 151 0
line
281 153 10 285 151 10
line
276 156 0 281 153 0
line
276 156 10 281 153 10
line
270 160 0 276 156 0
line
270 160 10 276 156 10
line
265 169 0 270 160 0
line
265 169 10 270 160 10
line
264 178 0 265 169 0
line
264 178 10 265 169 10
line
263 189 0 264 178 0
line
263 189 10 264 178 10
line
263 196 0 263 189 0
line
263 196 10 263 189 10
line
269 209 0 263 196 0
line
269 209 10 263 196 10
line
273 215 0 269 209 0
line
273 215 10 269 209 10
line
282 217 0 273 215 0
line
282 217 10 273 215 10
line
288 220 0 282 217 0
line
288 220 10 282 217 10
line
294 222 0 288 220 0
line
294 222 10 288 220 10
line
306 223 0 294 222 0
line
306 223 10 294 222 10
line
314 223 0 306 223 0
line
314 223 10 306 223 10
line
319 222 0 314 223 0
line
319 222 10 314 223 10
line
328 213 0 319 222 0
line
328 213 10 319 222 10
line
333 204 0 328 213 0
line
333 204 10 328 213 10
line
337 193 0 333 204 0
line
337 193 10 333 204 10
line
337 185 0 337 193 0
line
337 185 10 337 193 10
line
336 172 0 337 185 0
line
336 172 10 337 185 10
line
332 166 0 336 172 0
line
332 166 10 336 172 10
line
328 158 0 332 166 0
line
328 158 10 332 166 10
line
329 202 0 332 201 0
line
329 202 10 332 201 10
line
324 204 0 329 202 0
line
324 204 10 329 202 10
line
313 209 0 324 204 0
line
313 209 10 324 204 10
line
311 209 0 313 209 0
line
311 209 10 313 209 10
line
307 209 0 311 209 0
line
307 209 10 311 209 10
line
314 204 0 307 209 0
line
314 204 10 307 209 10
line
317 197 0 314 204 0
line
317 197 10 314 204 10
line
321 183 0 317 197 0
line
321 183 10 317 197 10
line
317 178 0 321 183 0
line
317 178 10 321 183 10
line
307 171 0 317 178 0
line
307 171 10 317 178 10
line
299 166 0 307 171 0
line
299 166 10 307 171 10
line
286 170 0 299 166 0
line
286 170 10 299 166 10
line
279 174 0 286 170 0
line
279 174 10 286 170 10
line
277 183 0 279 174 0
line
277 183 10 279 174 10
line
280 189 0 277 183 0
line
280 189 10 277 183 10
line
283 202 0 280 189 0
line
283 202 10 280 189 10
line
284 203 0 283 202 0
line
284 203 10 283 202 10
line
276 201 0 284 203 0
line
276 201 10 284 203 10
line
273 197 0 276 201 0
line
273 197 10 276 201 10
line
269 192 0 273 197 0
line
269 192 10 273 197 10
line
265 190 0 269 192 0
line
265 190 10 269 192 10
line
298 183 0 300 185 0
line
298 183 10 300 185 10
line
294 184 0 298 183 0
line
294 184 10 298 183 10
line
296 186 0 294 184 0
line
296 186 10 294 184 10
line
300 186 0 296 186 0
line
300 186 10 296 186 10
line
203 176 0 203 180 0
line
203 176 10 203 180 10
line
199 169 0 203 176 0
line
199 169 10 203 176 10
line
194 163 0 199 169 0
line
194 163 10 199 169 10
line
189 157 0 194 163 0
line
189 157 10 194 163 10
line
187 153 0 189 157 0
line
187 153 10 189 157 10
line
187 150 0 187 153 0
line
187 150 10 187 153 10
line
186 147 0 187 150 0
line
186 147 10 187 150 10
line
179 146 0 186 147 0
line
179 146 10 186 147 10
line
173 147 0 179 146 0
line
173 147 10 179 146 10
line
171 148 0 173 147 0
line
171 148 10 173 147 10
line
168 145 0 171 148 0
line
168 145 10 171 148 10
line
166 142 0 168 145 0
line
166 142 10 168 145 10
line
163 140 0 166 142 0
line
163 140 10 166 142 10
line
161 143 0 163 140 0
line
161 143 10 163 140 10
line
163 147 0 161 143 0
line
163 147 10 161 143 10
line
164 149 0 163 147 0
line
164 149 10 163 147 10
line
161 149 0 164 149 0
line
161 149 10 164 149 10
line
154 148 0 161 149 0
line
154 148 10 161 149 10
line
150 146 0 154 148 0
line
150 146 10 154 148 10
line
148 145 0 150 146 0
line
148 145 10 150 146 10
line
149 150 0 148 145 0
line
149 150 10 148 145 10
line
150 151 0 149 150 0
line
150 151 10 149 150 10
line
145 150 0 150 151 0
line
145 150 10 150 151 10
line
143 152 0 145 150 0
line
143 152 10 145 150 10
line
148 155 0 143 152 0
line
148 155 10 143 152 10
line
154 153 0 148 155 0
line
154 153 10 148 155 10
line
162 153 0 154 153 0
line
162 153 10 154 153 10
line
172 152 0 162 153 0
line
172 152 10 162 153 10
line
177 152 0 172 152 0
line
177 152 10 172 152 10
line
183 152 0 177 152 0
line
183 152 10 177 152 10
line
184 152 0 183 152 0
line
184 152 10 183 152 10
line
140 163 0 146 156 0
line
140 163 10 146 156 10
line
138 172 0 140 163 0
line
138 172 10 140 163 10
line
137 178 0 138 172 0
line
137 178 10 138 172 10
line
135 193 0 137 178 0
line
135 193 10 137 178 10
line
136 201 0 135 193 0
line
136 201 10 135 193 10
line
141 207 0 136 201 0
line
141 207 10 136 201 10
line
148 213 0 141 207 0
line
148 213 10 141 207 10
line
159 217 0 148 213 0
line
159 217 10 148 213 10
line
172 220 0 159 217 0
line
172 220 10 159 217 10
line
178 218 0 172 220 0
line
178 218 10 172 220 10
line
139 192 0 135 192 0
line
139 192 10 135 192 10
line
147 198 0 139 192 0
line
147 198 10 139 192 10
line
157 200 0 147 198 0
line
157 200 10 147 198 10
line
159 201 0 157 200 0
line
159 201 10 157 200 10
line
152 188 0 159 201 0
line
152 188 10 159 201 10
line
150 181 0 152 188 0
line
150 181 10 152 188 10
line
150 176 0 150 181 0
line
150 176 10 150 181 10
line
159 170 0 150 176 0
line
159 170 10 150 176 10
line
167 166 0 159 170 0
line
167 166 10 159 170 10
line
174 166 0 167 166 0
line
174 166 10 167 166 10
line
183 171 0 174 166 0
line
183 171 10 174 166 10
line
185 182 0 183 171 0
line
185 182 10 183 171 10
line
184 192 0 185 182 0
line
184 192 10 185 182 10
line
180 200 0 184 192 0
line
180 200 10 184 192 10
line
177 204 0 180 200 0
line
177 204 10 180 200 10
line
184 203 0 177 204 0
line
184 203 10 177 204 10
line
189 200 0 184 203 0
line
189 200 10 184 203 10
line
165 182 0 167 184 0
line
165 182 10 167 184 10
line
166 187 0 165 182 0
line
166 187 10 165 182 10
line
168 187 0 166 187 0
line
168 187 10 166 187 10
line
169 183 0 168 187 0
line
169 183 10 168 187 10
ident
move
20 20 0
apply
ident
rotate
z 20
rotate
x 30
rotate
ident
rotate
y 40
apply
display
save
hey.png